Trans#,Date,Time,SubTot,Disc,Ship,Tax,Total,Cost,#Trns
10479,06/28/16, 9:07 am,19.00,0.00,0.00,1.47,20.47,13.42,1
10480,06/28/16, 9:17 am,25.00,0.00,0.00,1.94,26.94,17.25,2
10481,06/28/16,10:19 am,1.86,0.00,0.00,0.14,2.00,0.68,2
10482,06/28/16,11:05 am,27.00,0.00,0.00,2.09,29.09,18.78,2
10483,06/28/16,11:08 am,6.50,0.00,0.00,0.50,7.00,4.49,1
10484,06/28/16,11:21 am,10.00,0.00,0.00,0.78,10.78,6.64,1
10486,06/28/16,11:29 am,7.00,0.00,0.00,0.54,7.54,5.30,1
10487,06/28/16,11:51 am,21.00,0.00,0.00,1.63,22.63,14.68,2
10488,06/28/16,12:50 pm,23.00,0.00,0.00,1.78,24.78,19.75,1
10489,06/28/16, 1:01 pm,22.00,0.00,0.00,1.71,23.71,14.81,1
10490,06/28/16, 1:08 pm,13.00,0.00,0.00,1.01,14.01,10.00,1
10491,06/28/16, 1:11 pm,9.00,0.00,0.00,0.70,9.70,6.07,1
10492,06/28/16, 1:38 pm,19.00,0.00,0.00,1.47,20.47,4.35,2
10493,06/28/16, 1:44 pm,34.00,0.00,0.00,2.64,36.64,21.69,3
10494,06/28/16, 1:49 pm,9.00,0.00,0.00,0.70,9.70,7.31,1
10495,06/28/16, 1:58 pm,8.50,0.00,0.00,0.66,9.16,5.45,2
10497,06/28/16, 2:00 pm,20.00,0.00,0.00,1.55,21.55,14.14,2
10498,06/28/16, 2:00 pm,11.00,0.00,0.00,0.85,11.85,7.11,1
10499,06/28/16, 2:03 pm,32.00,0.00,0.00,2.48,34.48,17.20,2
10500,06/28/16, 2:21 pm,11.00,0.00,0.00,0.85,11.85,7.30,1
10501,06/28/16, 2:24 pm,24.00,0.00,0.00,1.86,25.86,11.57,2
10502,06/28/16, 2:26 pm,10.00,0.00,0.00,0.78,10.78,6.00,1
10503,06/28/16, 2:33 pm,26.10,0.00,0.00,2.02,28.12,19.68,1
10504,06/28/16, 2:35 pm,15.00,0.00,0.00,1.16,16.16,8.97,3
10505,06/28/16, 2:44 pm,17.00,0.00,0.00,1.32,18.32,2.47,1
10506,06/28/16, 3:03 pm,33.00,0.00,0.00,2.56,35.56,21.43,2
10507,06/28/16, 3:13 pm,20.00,0.00,0.00,1.55,21.55,13.98,2
10508,06/28/16, 3:15 pm,25.00,0.00,0.00,1.94,26.94,16.78,2
10509,06/28/16, 3:19 pm,49.00,0.00,0.00,3.80,52.80,28.98,3
10510,06/28/16, 3:22 pm,10.00,0.00,0.00,0.78,10.78,6.99,1
10511,06/28/16, 3:38 pm,25.00,0.00,0.00,1.94,26.94,17.00,1
10512,06/28/16, 3:42 pm,64.00,0.00,0.00,4.96,68.96,44.67,6
10513,06/28/16, 3:45 pm,24.00,0.00,0.00,1.86,25.86,8.14,2
10514,06/28/16, 3:49 pm,25.00,0.00,0.00,1.94,26.94,17.49,1
10515,06/28/16, 3:51 pm,4.50,0.00,0.00,0.35,4.85,1.71,3
10516,06/28/16, 3:51 pm,34.00,0.00,0.00,2.64,36.64,23.75,2
10517,06/28/16, 3:54 pm,14.00,0.00,0.00,1.09,15.09,8.99,1
10518,06/28/16, 4:00 pm,8.00,0.00,0.00,0.62,8.62,5.58,1
10519,06/28/16, 4:09 pm,66.60,0.00,0.00,5.16,71.76,48.33,3
10520,06/28/16, 4:13 pm,28.00,0.00,0.00,2.17,30.17,17.20,2
10521,06/28/16, 4:16 pm,12.00,0.00,0.00,0.93,12.93,8.24,1
10522,06/28/16, 4:21 pm,7.00,0.00,0.00,0.54,7.54,4.35,1
10523,06/28/16, 4:35 pm,20.00,0.00,0.00,1.55,21.55,13.00,2
10524,06/28/16, 4:36 pm,10.00,0.00,0.00,0.78,10.78,7.11,1
10525,06/28/16, 4:42 pm,20.00,0.00,0.00,1.55,21.55,13.98,2
10526,06/28/16, 4:49 pm,23.00,0.00,0.00,1.78,24.78,16.65,2
10527,06/28/16, 4:49 pm,14.00,0.00,0.00,1.09,15.09,10.72,1
10528,06/28/16, 4:56 pm,10.00,0.00,0.00,0.78,10.78,6.72,1
10529,06/28/16, 4:56 pm,27.00,0.00,0.00,2.09,29.09,16.44,1
10530,06/28/16, 5:00 pm,9.90,0.00,0.00,0.77,10.67,7.49,1
10531,06/28/16, 5:02 pm,9.00,0.00,0.00,0.70,9.70,7.11,1
10532,06/28/16, 5:02 pm,10.00,0.00,0.00,0.78,10.78,6.99,1
10533,06/28/16, 5:04 pm,9.00,0.00,0.00,0.70,9.70,6.99,1
10534,06/28/16, 5:05 pm,8.00,0.00,0.00,0.62,8.62,4.11,1
10535,06/28/16, 5:06 pm,10.00,0.00,0.00,0.78,10.78,7.19,1
10536,06/28/16, 5:07 pm,146.00,0.00,0.00,11.32,157.32,102.96,5
10537,06/28/16, 5:08 pm,22.00,0.00,0.00,1.71,23.71,14.81,1
10538,06/28/16, 5:09 pm,10.00,0.00,0.00,0.78,10.78,6.00,1
10539,06/28/16, 5:09 pm,10.00,0.00,0.00,0.78,10.78,6.99,1
10540,06/28/16, 5:10 pm,11.00,0.00,0.00,0.85,11.85,8.29,1
10541,06/28/16, 5:11 pm,41.00,0.00,0.00,3.18,44.18,19.29,3
10542,06/28/16, 5:12 pm,9.00,0.00,0.00,0.70,9.70,6.99,1
10543,06/28/16, 5:16 pm,30.00,0.00,0.00,2.33,32.33,19.58,2
10544,06/28/16, 5:17 pm,17.10,0.00,0.00,1.33,18.43,14.49,2
10545,06/28/16, 5:25 pm,13.00,0.00,0.00,1.01,14.01,9.23,1
10546,06/28/16, 5:28 pm,55.00,0.00,0.00,4.26,59.26,39.99,1
10547,06/28/16, 5:30 pm,13.00,0.00,0.00,1.01,14.01,9.23,1
10548,06/28/16, 5:32 pm,18.00,0.00,0.00,1.40,19.40,12.80,1
10549,06/28/16, 5:41 pm,12.00,0.00,0.00,0.93,12.93,8.33,1
10550,06/28/16, 5:43 pm,13.00,0.00,0.00,1.01,14.01,9.23,1
10551,06/28/16, 5:44 pm,9.00,0.00,0.00,0.70,9.70,6.43,1
10552,06/28/16, 5:45 pm,10.00,0.00,0.00,0.78,10.78,0.00,1
10553,06/28/16, 5:48 pm,10.00,0.00,0.00,0.78,10.78,7.68,1
10554,06/28/16, 5:49 pm,10.00,0.00,0.00,0.78,10.78,5.72,1
10555,06/28/16, 6:00 pm,19.00,0.00,0.00,1.47,20.47,13.37,2
10556,06/28/16, 6:01 pm,11.09,0.00,0.00,0.86,11.95,8.07,2
10557,06/28/16, 6:02 pm,14.00,0.00,0.00,1.09,15.09,10.71,1
10558,06/28/16, 6:03 pm,7.00,0.00,0.00,0.54,7.54,4.46,2
10559,06/28/16, 6:05 pm,17.50,0.00,0.00,1.36,18.86,9.99,4
10560,06/28/16, 6:05 pm,35.00,0.00,0.00,2.71,37.71,24.57,2
10561,06/28/16, 6:06 pm,37.00,0.00,0.00,2.87,39.87,25.85,2
10562,06/28/16, 6:07 pm,19.00,0.00,0.00,1.47,20.47,12.14,2
10563,06/28/16, 6:08 pm,9.90,0.00,0.00,0.77,10.67,7.50,1
10564,06/28/16, 6:10 pm,20.00,0.00,0.00,1.55,21.55,13.85,1
10565,06/28/16, 6:11 pm,14.00,0.00,0.00,1.09,15.09,8.99,1
10566,06/28/16, 6:12 pm,28.00,0.00,0.00,2.17,30.17,17.58,2
10567,06/28/16, 6:13 pm,26.00,0.00,0.00,2.02,28.02,18.71,2
10568,06/28/16, 6:14 pm,11.00,0.00,0.00,0.85,11.85,2.46,1
10569,06/28/16, 6:16 pm,10.00,0.00,0.00,0.78,10.78,7.39,1
10570,06/28/16, 6:18 pm,18.00,0.00,0.00,1.40,19.40,11.75,2
10571,06/28/16, 6:19 pm,27.00,0.00,0.00,2.09,29.09,18.40,2
10572,06/28/16, 6:23 pm,20.00,0.00,0.00,1.55,21.55,12.05,2
10573,06/28/16, 6:24 pm,14.00,0.00,0.00,1.09,15.09,8.50,1
10574,06/28/16, 6:25 pm,20.00,0.00,0.00,1.55,21.55,13.82,2
10575,06/28/16, 6:26 pm,18.00,0.00,0.00,1.40,19.40,12.14,3
10576,06/28/16, 6:26 pm,18.00,0.00,0.00,1.40,19.40,12.60,1
10577,06/28/16, 6:27 pm,14.00,0.00,0.00,1.09,15.09,8.50,1
10578,06/28/16, 6:27 pm,35.00,0.00,0.00,2.71,37.71,24.52,2
10579,06/28/16, 6:29 pm,4.50,0.00,0.00,0.35,4.85,0.00,3
10580,06/28/16, 6:30 pm,9.00,0.00,0.00,0.70,9.70,6.43,1
10581,06/28/16, 6:31 pm,25.40,0.00,0.00,1.97,27.37,21.51,2
10582,06/28/16, 6:32 pm,19.00,0.00,0.00,1.47,20.47,14.70,1
10583,06/28/16, 6:33 pm,8.00,0.00,0.00,0.62,8.62,6.16,1
10584,06/28/16, 6:33 pm,34.20,0.00,0.00,2.65,36.85,28.98,2
10585,06/28/16, 6:34 pm,10.00,0.00,0.00,0.78,10.78,6.00,1
10586,06/28/16, 6:34 pm,13.00,0.00,0.00,1.01,14.01,8.99,1
10587,06/28/16, 6:37 pm,28.00,0.00,0.00,2.17,30.17,20.62,2
10588,06/28/16, 6:38 pm,18.00,0.00,0.00,1.40,19.40,14.00,2
10589,06/28/16, 6:39 pm,112.00,0.00,0.00,8.68,120.68,77.74,6
10590,06/28/16, 6:41 pm,37.00,0.00,0.00,2.87,39.87,24.51,2
10591,06/28/16, 6:45 pm,41.00,0.00,0.00,3.02,44.02,26.66,2
10592,06/28/16, 6:46 pm,19.50,0.00,0.00,1.51,21.01,12.78,2
10593,06/28/16, 6:58 pm,60.00,0.00,0.00,4.65,64.65,42.59,1
10594,06/28/16, 6:59 pm,4.00,0.00,0.00,0.31,4.31,1.50,1
10595,06/28/16, 7:04 pm,16.00,0.00,0.00,1.24,17.24,13.40,1
10596,06/28/16, 7:09 pm,26.00,0.00,0.00,2.02,28.02,18.64,2
10597,06/28/16, 7:17 pm,16.20,0.00,0.00,1.26,17.46,12.59,1
10598,06/28/16, 7:21 pm,31.00,0.00,0.00,2.40,33.40,19.41,2
10599,06/28/16, 7:23 pm,26.00,0.00,0.00,2.02,28.02,16.98,2
10600,06/28/16, 7:25 pm,20.00,0.00,0.00,1.55,21.55,13.99,2
10601,06/28/16, 7:27 pm,9.90,0.00,0.00,0.77,10.67,7.17,1
10602,06/28/16, 7:31 pm,311.40,0.00,0.00,24.13,335.53,234.62,11
10603,06/28/16, 7:35 pm,28.00,0.00,0.00,2.17,30.17,17.98,2
10604,06/28/16, 7:36 pm,12.00,0.00,0.00,0.93,12.93,7.99,1
10605,06/28/16, 7:37 pm,10.00,0.00,0.00,0.78,10.78,4.28,1
10606,06/28/16, 7:38 pm,10.00,0.00,0.00,0.78,10.78,6.99,1
10607,06/28/16, 7:41 pm,10.00,0.00,0.00,0.78,10.78,7.49,1
10608,06/28/16, 7:43 pm,8.10,0.00,0.00,0.63,8.73,5.70,2
10609,06/28/16, 7:49 pm,16.00,0.00,0.00,1.24,17.24,13.40,1
10610,06/28/16, 7:50 pm,33.00,0.00,0.00,2.56,35.56,22.86,2
10611,06/28/16, 8:04 pm,19.00,0.00,0.00,1.47,20.47,14.70,1
10612,06/28/16, 8:12 pm,10.00,0.00,0.00,0.78,10.78,4.00,1
10613,06/28/16, 8:19 pm,9.00,0.00,0.00,0.70,9.70,6.93,1
10614,06/28/16, 8:19 pm,9.00,0.00,0.00,0.70,9.70,5.99,1
10615,06/28/16, 8:20 pm,15.00,0.00,0.00,1.16,16.16,9.69,1
10616,06/28/16, 8:21 pm,37.00,0.00,0.00,2.87,39.87,26.69,3
10617,06/28/16, 8:23 pm,35.00,0.00,0.00,2.71,37.71,23.70,1
10618,06/28/16, 8:27 pm,30.00,0.00,0.00,2.33,32.33,20.79,2
10619,06/28/16, 8:28 pm,21.00,0.00,0.00,1.63,22.63,15.00,1
10620,06/28/16, 8:34 pm,22.00,0.00,0.00,1.71,23.71,17.66,2
10621,06/28/16, 8:40 pm,20.00,0.00,0.00,1.55,21.55,15.20,1
10622,06/28/16, 8:41 pm,14.00,0.00,0.00,1.09,15.09,8.50,1
10623,06/28/16, 8:47 pm,45.00,0.00,0.00,3.49,48.49,37.16,3
10624,06/28/16, 8:48 pm,23.40,0.00,0.00,1.81,25.21,18.40,1
10625,06/28/16, 8:49 pm,9.00,0.00,0.00,0.70,9.70,4.44,1
10626,06/28/16, 8:52 pm,9.90,0.00,0.00,0.77,10.67,7.49,1
10627,06/28/16, 9:04 pm,69.00,0.00,0.00,5.35,74.35,48.38,5
10628,06/28/16, 9:18 pm,9.00,0.00,0.00,0.70,9.70,7.19,1
10629,06/28/16, 9:20 pm,12.00,0.00,0.00,0.93,12.93,6.49,1
10630,06/28/16, 9:30 pm,29.00,0.00,0.00,2.25,31.25,19.68,1
10631,06/28/16,10:24 pm,23.00,0.00,0.00,1.78,24.78,15.55,1
10631,06/28/16,10:25 pm,-23.00,0.00,0.00,-1.78,-24.78,-15.55,1
10632,06/28/16,10:26 pm,23.00,0.00,0.00,1.78,24.78,15.55,1
10633,06/28/16,10:27 pm,44.00,0.00,0.00,3.41,47.41,31.54,1
10632,06/28/16,10:29 pm,-23.00,0.00,0.00,-1.78,-24.78,-15.55,1
10633,06/28/16,10:30 pm,-44.00,0.00,0.00,-3.41,-47.41,-31.54,1